  cnum                  name      glon_peak      glat_peak             ra            dec       glon_cen       glat_cen     maj     min     pos_ang     rad  flux_40  err_flux_40  flux_80  err_flux_80 flux_120 err_flux_120     flux     err_flux 
  7153       G109.995-00.282    109.9950189     -0.2815394    346.3469078     59.8994532    109.9942724     -0.2823089   22.92   19.85          77   38.32    0.265        0.034    0.674        0.072    0.836        0.103    0.826        0.093 
  7154       G109.997-00.088    109.9970155     -0.0875394    346.1960670     60.0781932    109.9946933     -0.0875030   32.95   29.28         143   66.46    0.131        0.028    0.388        0.058    0.686        0.090    0.820        0.103 
  7155       G110.003+00.330    110.0030084      0.3304607    345.8685753     60.4634024    110.0043036      0.3301551   23.81   15.79         104   28.41    0.051        0.025    0.140        0.051    0.229        0.078    0.156        0.048 
  7156       G110.003-00.074    110.0030151     -0.0735393    346.1958844     60.0934244    110.0079707     -0.0695759   27.65    9.79          95    null    0.053        0.026    0.211        0.053    0.464        0.082    0.107        0.043 
  7157       G110.003-00.248    110.0030180     -0.2475393    346.3345977     59.9338323    110.0007769     -0.2482717   22.79   15.09          57   24.07    0.094        0.032    0.216        0.065    0.246        0.096    0.249        0.063 
  7158       G110.016+00.270    110.0170095      0.2704609    345.9436036     60.4141494    110.0183057      0.2683843   32.50   29.49         105   66.20    0.152        0.027    0.473        0.059    0.756        0.090    0.898        0.106 
  7159       G110.039-00.284    110.0390168     -0.2835387    346.4290378     59.9150726    110.0390829     -0.2836013   21.95   18.21          54   33.64    0.046        0.026    0.139        0.052    0.187        0.078    0.142        0.048 
  7160       G110.045-00.028    110.0450134     -0.0275387    346.2363338     60.1523642    110.0426176     -0.0219091   28.73   23.29          14   51.84    0.057        0.024    0.173        0.049    0.260        0.074    0.287        0.062 
  7161       G110.061-00.110    110.0610139     -0.1095385    346.3313262     60.0835154    110.0588812     -0.1138870   18.28   10.31          80    null    0.044        0.024    0.148        0.049    0.269        0.075    0.048        0.025 
  7162       G110.061-00.170    110.0610145     -0.1695385    346.3790687     60.0284509    110.0593488     -0.1682314   25.83   15.94         134   30.81    0.036        0.024    0.107        0.047    0.175        0.071    0.137        0.047 
  7163       G110.070-00.214    110.0710145     -0.2135384    346.4323354     59.9920216    110.0736724     -0.2161466   44.80   16.52         157   46.32    0.044        0.023    0.120        0.046    0.209        0.070    0.196        0.053 
  7164       G110.073-00.088    110.0730133     -0.0875384    346.3358722     60.1084724    110.0681473     -0.0888048   34.14   24.97          11   60.87    0.124        0.029    0.384        0.060    0.698        0.093    0.692        0.094 
  7165       G110.075-00.192    110.0750142     -0.1915384    346.4222477     60.0138061    110.0768068     -0.1854733   20.53   17.68          88   30.53    0.043        0.022    0.136        0.045    0.246        0.069    0.145        0.044 
  7166       G110.087+00.126    110.0870113      0.1264617    346.1900884     60.3103286    110.0872887      0.1249413   43.97   21.24         179   61.89    0.150        0.029    0.468        0.062    0.714        0.093    0.879        0.107 
  7167       G110.087+00.084    110.0870116      0.0844617    346.2239224     60.2718210    110.0876881      0.0832133   25.45   16.18         164   31.46    0.083        0.028    0.211        0.056    0.352        0.085    0.250        0.060 
  7168       G110.097-00.066    110.0970125     -0.0655382    346.3625409     60.1381959    110.0923158     -0.0643833   37.36   26.39          78   66.78    0.537        0.043    1.372        0.101    1.935        0.145    2.514        0.191 
  7169       G110.105-00.030    110.1050121     -0.0295381    346.3485620     60.1744120    110.1025002     -0.0292607   29.08   17.95          34   40.57    0.097        0.027    0.248        0.054    0.363        0.081    0.358        0.067 
  7170       G110.113+00.050    110.1130115      0.0504619    346.2993080     60.2509972    110.1152725      0.0460920   59.60   35.93         141  105.07    0.742        0.056    2.204        0.150    3.447        0.231    6.015        0.412 
  7171       G110.126+00.086    110.1270112      0.0864619    346.2963164     60.2895951    110.1273065      0.0872189   24.52   20.48          42   41.60    0.102        0.030    0.296        0.061    0.498        0.093    0.382        0.074 
  7172       G110.141+00.084    110.1410111      0.0844620    346.3238394     60.2933293    110.1459667      0.0817469   24.37   11.31          79    null    0.050        0.028    0.181        0.056    0.366        0.086    0.084        0.035 
  7173       G110.156+00.238    110.1570109      0.2384620    346.2294773     60.4409612    110.1552811      0.2370388   34.40   18.33         129   46.25    0.056        0.026    0.160        0.053    0.283        0.079    0.270        0.064 
  7174       G110.203+00.010    110.2030101      0.0104619    346.4977766     60.2499675    110.2002129      0.0107146   19.97   13.33         163    null    0.069        0.023    0.177        0.046    0.260        0.069    0.145        0.038 
  7175       G110.207+00.022    110.2070101      0.0224619    346.4956238     60.2625714    110.2089781      0.0262134   26.80   17.09          14   35.85    0.068        0.023    0.201        0.047    0.327        0.072    0.228        0.052 
  7176       G110.228+00.956    110.2290170      0.9564616    345.7730343     61.1273129    110.2278613      0.9473806   25.39   13.60          38    null    0.058        0.024    0.161        0.048    0.260        0.073    0.152        0.041 
  7177       G110.228+00.958    110.2290170      0.9584616    345.7713556     61.1291413    110.2292789      0.9622353   23.94   12.81          51    null    0.058        0.024    0.156        0.048    0.253        0.073    0.111        0.038 
  7178       G110.237-00.008    110.2370093     -0.0075383    346.5750443     60.2468461    110.2349173     -0.0130883   31.00   19.28           3   45.92    0.063        0.021    0.192        0.044    0.337        0.066    0.211        0.047 
  7179       G110.251+00.032    110.2510095      0.0324615    346.5691983     60.2891260    110.2530720      0.0418605   13.84   11.26         108    null    0.038        0.023    0.175        0.048    0.428        0.074    0.054        0.028 
  7180       G110.254-00.578    110.2550030     -0.5775385    347.0534910     59.7291987    110.2515301     -0.5801302   24.93   15.46          56   27.84    0.055        0.025    0.136        0.050    0.217        0.075    0.170        0.049 
  7181       G110.257+00.018    110.2570092      0.0184615    346.5914513     60.2786227    110.2573585      0.0136397   39.98   33.70          40   81.31    0.177        0.025    0.549        0.056    0.891        0.086    1.275        0.122 
  7182       G110.331+00.006    110.3310077      0.0064604    346.7382570     60.2966576    110.3231748      0.0037723   46.31   18.71          82   56.14    0.093        0.021    0.206        0.043    0.286        0.064    0.397        0.067 
  7183       G110.509-00.914    110.5089696     -0.9135446    347.7715994     59.5158503    110.5128125     -0.9101670   44.37   22.91          31   66.31    0.070        0.026    0.210        0.052    0.347        0.078    0.432        0.082 
  7184       G110.516-00.884    110.5169698     -0.8835449    347.7638761     59.5466502    110.5190186     -0.8803917   31.95   21.41          34   51.75    0.044        0.025    0.148        0.050    0.287        0.075    0.211        0.057 
  7185       G110.537-00.550    110.5369812     -0.5495457    347.5496414     59.8633152    110.5300547     -0.5443993   32.86   14.96         120   29.92    0.040        0.028    0.120        0.056    0.200        0.084    0.182        0.058 
  7186       G110.546-00.438    110.5469851     -0.4375462    347.4829714     59.9706799    110.5493094     -0.4360741   21.31   16.00          92   26.69    0.050        0.027    0.142        0.054    0.217        0.082    0.148        0.050 
  7187       G110.609-00.892    110.6089589     -0.8915489    347.9380255     59.5738449    110.6093573     -0.8944689   22.24   18.56          23   34.78    0.060        0.023    0.161        0.047    0.219        0.070    0.180        0.047 
  7188       G110.787+00.370    110.7870240      0.3704406    347.3060439     60.8090233    110.7856137      0.3632597   24.90   16.96         152   33.64    0.067        0.024    0.216        0.048    0.413        0.074    0.148        0.044 
  7189       G110.795+00.382    110.7950250      0.3824401    347.3117486     60.8231747    110.8020788      0.3853184   48.44   26.34          43   77.18    0.106        0.024    0.321        0.051    0.518        0.077    0.706        0.097 
  7190       G110.882+00.022    110.8829988      0.0224336    347.7576612     60.5237655    110.8833043      0.0246477   29.68   22.12          45   50.78    0.070        0.019    0.194        0.038    0.285        0.058    0.296        0.052 
  7191       G110.893+00.560    110.8930413      0.5604328    347.3575466     61.0251465    110.8929904      0.5580984   27.23   17.02         156   36.05    0.045        0.022    0.121        0.043    0.173        0.065    0.161        0.047 
  7192       G110.903+00.534    110.9030396      0.5344320    347.3971521     61.0049558    110.8991050      0.5354295   19.64   16.91         107   27.37    0.048        0.020    0.116        0.041    0.161        0.061    0.136        0.039 
  7193       G110.983-00.982    110.9829079     -0.9815747    348.6903521     59.6284537    110.9810470     -0.9763589   60.77   23.75         135   80.81    0.103        0.022    0.315        0.047    0.505        0.071    0.803        0.098 
  7194       G111.013-00.994    111.0129030     -0.9935774    348.7542402     59.6281907    111.0168243     -1.0027182   21.57   15.39         130   24.52    0.032        0.021    0.092        0.042    0.172        0.064    0.082        0.034 
  7195       G111.057+01.080    111.0570984      1.0804183    347.2572612     61.5682619    111.0546607      1.0825641   27.07   19.36         111   42.21    0.180        0.053    0.455        0.108    0.686        0.162    0.614        0.131 
  7196       G111.082-00.976    111.0828960     -0.9755841    348.8703918     59.6703423    111.0924365     -0.9687634   40.07   27.61          57   71.73    0.066        0.022    0.179        0.045    0.274        0.067    0.446        0.076 
  7197       G111.103-00.884    111.1029029     -0.8835861    348.8413110     59.7633409    111.1035207     -0.8826526   37.63   29.80          38   72.73    0.113        0.022    0.367        0.047    0.631        0.073    0.817        0.090 
  7198       G111.119-00.878    111.1189017     -0.8775878    348.8666129     59.7747249    111.1274908     -0.8731175   22.01   14.17          38   14.37    0.062        0.023    0.233        0.048    0.458        0.075    0.125        0.042 
  7199       G111.156+00.580    111.1570543      0.5804081    347.8469525     61.1438831    111.1530793      0.5805956   31.80   22.40         126   53.60    0.060        0.019    0.191        0.040    0.319        0.060    0.324        0.056 
  7200       G111.162-00.690    111.1629170     -0.6895924    348.8126426     59.9658932    111.1628823     -0.6889297   29.45   20.47         135   47.18    0.077        0.026    0.219        0.052    0.350        0.078    0.331        0.068 
  7201       G111.167-00.606    111.1669258     -0.6055929    348.7591098     60.0456165    111.1698567     -0.6009730   30.17   26.37          44   58.63    0.075        0.025    0.219        0.050    0.391        0.076    0.394        0.073 
  7202       G111.173+00.624    111.1730598      0.6244064    347.8433637     61.1906699    111.1749431      0.6268492   37.29   27.52          66   68.65    0.081        0.020    0.246        0.042    0.387        0.064    0.493        0.073 
  7203       G111.192-00.900    111.1928908     -0.8995957    349.0194621     59.7808953    111.1876982     -0.9035711   39.54   16.92          36   44.93    0.051        0.025    0.147        0.050    0.226        0.076    0.249        0.063 
  7204       G111.192-00.796    111.1929024     -0.7955957    348.9449278     59.8779150    111.1943886     -0.7954363   36.28   27.17         151   66.98    0.131        0.025    0.406        0.054    0.655        0.082    0.809        0.099 
  7205       G111.201-00.834    111.2008973     -0.8335966    348.9870645     59.8453515    111.2002376     -0.8350661   22.13   15.43         142   25.21    0.054        0.026    0.153        0.052    0.229        0.079    0.165        0.049 
  7206       G111.248+00.810    111.2490854      0.8103977    347.8442526     61.3915967    111.2475789      0.8146971   10.87    8.62          53    null    0.039        0.019    0.119        0.038    0.209        0.058    0.035        0.019 
  7207       G111.251+00.804    111.2510848      0.8043975    347.8528361     61.3867899    111.2544796      0.8032120   30.86   21.42          69   50.66    0.042        0.019    0.131        0.038    0.231        0.058    0.200        0.048 
  7208       G111.259-00.770    111.2588986     -0.7696033    349.0490285     59.9259251    111.2617207     -0.7639453   49.99   28.24          14   82.31    0.483        0.044    1.418        0.108    2.099        0.160    2.984        0.232 
  7209       G111.265+00.838    111.2650898      0.8383958    347.8532174     61.4235588    111.2703543      0.8390676   26.59   16.16         102   32.36    0.039        0.021    0.110        0.041    0.190        0.062    0.137        0.042 
  7210       G111.278-00.746    111.2788994     -0.7456057    349.0690822     59.9555047    111.2902213     -0.7420553   18.36   10.15          79    null    0.053        0.031    0.229        0.063    0.574        0.098    0.077        0.040 
  7211       G111.281-00.706    111.2809041     -0.7056060    349.0441054     59.9935546    111.2802395     -0.7067851   31.91   29.53           2   65.51    0.489        0.043    1.421        0.107    2.221        0.164    2.525        0.192 
  7212       G111.281+01.014    111.2811122      1.0143939    347.7452228     61.5926090    111.2787427      1.0145949   34.97   23.56         140   59.12    0.085        0.031    0.279        0.064    0.456        0.096    0.492        0.093 
  7213       G111.284-00.664    111.2849088     -0.6636064    349.0213667     60.0341852    111.2845483     -0.6640556   46.35   42.23         175  100.68    0.951        0.067    3.000        0.195    5.028        0.322    8.504        0.551 
  7214       G111.287-00.858    111.2868850     -0.8576067    349.1639942     59.8538046    111.2792329     -0.8609067   34.36   14.17         121   19.58    0.067        0.024    0.228        0.049    0.449        0.075    0.234        0.054 
  7215       G111.287-00.840    111.2868872     -0.8396067    349.1511711     59.8706138    111.2848841     -0.8345987   23.50    6.38          96    null    0.047        0.023    0.166        0.046    0.309        0.070    0.057        0.026 
  7216       G111.289-00.858    111.2888848     -0.8576069    349.1677126     59.8545196    111.2893349     -0.8505552   35.48   18.61         114   47.96    0.068        0.024    0.227        0.049    0.446        0.075    0.310        0.060 
  7217       G111.295-00.866    111.2948831     -0.8656077    349.1845607     59.8491920    111.3000556     -0.8724153   17.50   14.81           7   17.02    0.051        0.024    0.196        0.049    0.349        0.074    0.105        0.037 
  7218       G111.295+00.826    111.2950905      0.8263922    347.9207643     61.4237073    111.2843637      0.8283321   19.18   15.04          68   20.30    0.047        0.021    0.170        0.043    0.375        0.067    0.078        0.031 
  7219       G111.302+00.808    111.3030888      0.8083912    347.9503726     61.4100204    111.3007614      0.8058560   47.78   37.56          60   95.76    0.113        0.023    0.390        0.049    0.673        0.077    1.131        0.119 
  7220       G111.308-00.880    111.3088798     -0.8796094    349.2205381     59.8411122    111.3131206     -0.8846686   19.07   14.04         126    8.02    0.025        0.023    0.092        0.047    0.178        0.071    0.061        0.033 
  7221       G111.331+00.790    111.3310884      0.7903877    348.0187013     61.4038084    111.3302522      0.7877210   51.86   22.43          42   70.96    0.104        0.025    0.323        0.052    0.569        0.080    0.777        0.099 
  7222       G111.361-00.654    111.3609032     -0.6536160    349.1562742     60.0707723    111.3598599     -0.6526062   38.23   21.35          62   57.43    0.069        0.024    0.210        0.048    0.358        0.072    0.389        0.073 
  7223       G111.367+00.746    111.3670851      0.7463831    348.1227330     61.3764149    111.3633077      0.7516986   37.44   28.50         145   70.43    0.284        0.038    0.857        0.085    1.451        0.134    1.637        0.156 
  7224       G111.381+00.748    111.3810862      0.7483813    348.1483069     61.3834811    111.3930842      0.7441099   39.75   34.96          31   82.85    0.234        0.038    0.741        0.083    1.385        0.133    1.561        0.172 
  7225       G111.382-00.662    111.3829002     -0.6616189    349.2031808     60.0711609    111.3808248     -0.6703472   26.96   16.36         149   33.45    0.036        0.023    0.141        0.047    0.287        0.071    0.139        0.043 
  7226       G111.382+00.706    111.3830808      0.7063810    348.1847570     61.3452338    111.3867561      0.7052707   28.51   24.17         118   53.07    0.107        0.027    0.289        0.055    0.436        0.083    0.448        0.077 
  7227       G111.385-00.658    111.3849005     -0.6576191    349.2040626     60.0756112    111.3867088     -0.6485481   38.20   19.12         161   51.57    0.039        0.023    0.139        0.047    0.308        0.072    0.224        0.060 
  7228       G111.387+00.804    111.3870940      0.8043805    348.1163884     61.4376909    111.3867896      0.8057135   24.68   22.43          20   45.28    0.078        0.025    0.244        0.052    0.394        0.079    0.338        0.065 
  7229       G111.409+01.032    111.4091262      1.0323775    347.9805353     61.6574152    111.4070399      1.0286452   40.83   34.24          87   83.07    0.158        0.038    0.482        0.080    0.814        0.122    1.227        0.159 
  7230       G111.423-00.938    111.4228590     -0.9376242    349.4735486     59.8273477    111.4196476     -0.9349251   26.29   15.89         114   30.98    0.040        0.022    0.115        0.045    0.191        0.067    0.140        0.044 
  7231       G111.424-00.556    111.4249109     -0.5556245    349.2059657     60.1851678    111.4200869     -0.5537227   67.13   37.27          42  114.28    0.123        0.025    0.426        0.055    0.813        0.088    1.764        0.165 
  7232       G111.447+00.798    111.4470972      0.7983724    348.2375891     61.4544134    111.4393767      0.7989918   60.61   53.44         165  132.34    0.502        0.042    1.649        0.116    2.889        0.196    6.621        0.441 
  7233       G111.451+00.740    111.4510894      0.7403718    348.2902685     61.4020184    111.4463329      0.7497482   23.58   19.27          16   38.00    0.175        0.039    0.611        0.084    1.189        0.133    0.633        0.090 
  7234       G111.481+00.804    111.4811003      0.8043676    348.2990498     61.4725756    111.4789059      0.8065922   23.86   19.05         141   37.88    0.508        0.045    1.295        0.102    2.045        0.159    1.561        0.125 
  7235       G111.484+00.746    111.4850923      0.7463670    348.3516571     61.4201570    111.4796188      0.7426820   52.30   34.77          69   96.10    0.728        0.060    2.397        0.166    3.901        0.266    5.696        0.397 
  7236       G111.489-00.648    111.4888926     -0.6476335    349.3918814     60.1219395    111.4902340     -0.6460751   24.84   15.13          62   25.98    0.086        0.024    0.232        0.049    0.317        0.073    0.250        0.049 
  7237       G111.497+00.814    111.4971028      0.8143653    348.3224433     61.4877817    111.4963755      0.8157924   32.74   19.67         159   48.50    0.441        0.044    1.363        0.108    2.546        0.186    1.748        0.145 
  7238       G111.503+00.658    111.5030806      0.6583644    348.4542733     61.3449747    111.5062561      0.6556964   41.26   20.78          86   58.57    0.069        0.027    0.242        0.056    0.459        0.086    0.389        0.077 
  7239       G111.507-00.638    111.5068925     -0.6376361    349.4185659     60.1376647    111.5105571     -0.6234919   23.69   18.94         176   37.45    0.053        0.024    0.227        0.050    0.482        0.078    0.137        0.048 
  7240       G111.513-00.648    111.5128905     -0.6476369    349.4369385     60.1304339    111.5133783     -0.6468605   29.83   21.85          56   50.42    0.122        0.025    0.329        0.053    0.501        0.079    0.478        0.073 
  7241       G111.515+00.524    111.5150617      0.5243627    348.5797904     61.2247114    111.5101979      0.5244869   21.86   13.14          67    null    0.029        0.020    0.074        0.041    0.124        0.062    0.074        0.030 
  7242       G111.516+00.688    111.5170858      0.6883624    348.4584292     61.3780206    111.5143441      0.6829410   41.34   37.73          38   88.57    0.105        0.032    0.338        0.066    0.595        0.102    0.950        0.136 
  7243       G111.522+00.800    111.5231026      0.8003615    348.3838851     61.4843654    111.5240343      0.8010634   31.61   23.63         106   55.71    1.099        0.079    3.299        0.218    5.946        0.382    5.070        0.333 
  7244       G111.528+00.818    111.5291056      0.8183606    348.3816676     61.5033094    111.5285163      0.8261147   42.56   33.30          30   83.60    0.931        0.069    3.002        0.198    5.502        0.353    5.993        0.397 
  7245       G111.534+00.372    111.5350399      0.3723598    348.7333200     61.0904777    111.5340143      0.3765558   33.50   16.10         143   37.25    0.091        0.027    0.217        0.053    0.303        0.078    0.321        0.067 
  7246       G111.537+00.544    111.5370655      0.5443594    348.6071481     61.2513706    111.5351946      0.5436883   31.58   18.61          51   44.68    0.112        0.025    0.321        0.052    0.449        0.076    0.452        0.068 
  7247       G111.537+00.756    111.5370970      0.7563594    348.4450495     61.4486109    111.5349815      0.7557932   42.75   23.82          93   66.93    4.857        0.298   12.016        0.734   19.530        1.192   19.543        1.200 
  7248       G111.545+00.776    111.5451004      0.7763582    348.4452255     61.4701513    111.5438653      0.7764429   30.46   22.98         105   53.25    7.708        0.469   17.999        1.095   25.515        1.553   25.803        1.574 
  7249       G111.551+00.696    111.5510888      0.6963573    348.5183362     61.3979444    111.5478258      0.6929469   26.33   19.16          71   40.95    0.062        0.031    0.173        0.063    0.235        0.095    0.239        0.070 
  7250       G111.561+00.832    111.5611099      0.8323558    348.4332354     61.5281104    111.5621799      0.8427078   47.53   30.11          15   83.48    0.298        0.036    0.922        0.083    1.719        0.140    2.551        0.201 
  7251       G111.564+00.578    111.5650717      0.5783552    348.6355411     61.2932483    111.5687972      0.5804693   26.41   16.20          57   32.38    0.056        0.026    0.154        0.053    0.225        0.079    0.185        0.054 
  7252       G111.573+00.750    111.5730983      0.7503540    348.5197266     61.4562499    111.5787066      0.7422252   57.14   29.92         135   91.82    1.283        0.089    3.358        0.222    5.050        0.333    6.201        0.425 
  7253       G111.579+00.616    111.5790781      0.6163531    348.6337944     61.3337365    111.5814662      0.6090609   34.37   18.02         163   45.25    0.090        0.024    0.234        0.049    0.352        0.073    0.369        0.064 
  7254       G111.581+00.036    111.5809893      0.0363528    349.0715412     60.7937833    111.5803971      0.0345025   25.65   22.11          26   45.99    0.102        0.020    0.250        0.041    0.337        0.060    0.342        0.053 
  7255       G111.581+00.698    111.5810908      0.6983528    348.5751273     61.4107944    111.5763175      0.6939095   15.92   11.06          76    null    0.056        0.030    0.175        0.061    0.330        0.092    0.080        0.039 
  7256       G111.591+00.660    111.5910855      0.6603513    348.6235829     61.3790801    111.5891881      0.6666915   37.23   20.84         119   55.35    0.094        0.022    0.199        0.044    0.241        0.066    0.355        0.063 
  7257       G111.597+00.806    111.5971084      0.8063503    348.5234853     61.5171494    111.5958497      0.8087308   40.87   32.31         147   80.23    0.645        0.049    2.120        0.141    3.516        0.231    4.939        0.326 
  7258       G111.603+00.842    111.6031145      0.8423494    348.5074944     61.5528413    111.5963278      0.8412986   41.41   26.98         110   71.93    0.196        0.026    0.620        0.060    1.065        0.096    1.587        0.130 
  7259       G111.606+00.614    111.6070791      0.6143488    348.6896711     61.3420850    111.6064654      0.6132118   29.95   28.19          11   61.07    0.092        0.020    0.282        0.042    0.501        0.065    0.503        0.068 
  7260       G111.615+00.374    111.6150419      0.3743475    348.8861198     61.1213466    111.6093582      0.3764206   49.20   44.27         140  106.82    1.444        0.093    3.596        0.226    5.134        0.324    8.645        0.556 
  7261       G111.615+00.932    111.6151294      0.9323475    348.4614815     61.6409602    111.6056589      0.9369066   33.72   24.44         115   59.49    0.045        0.022    0.135        0.044    0.256        0.067    0.286        0.064 
  7262       G111.617+00.926    111.6171287      0.9263472    348.4700384     61.6361149    111.6284323      0.9184841   33.64   14.83          99   29.27    0.038        0.022    0.130        0.044    0.238        0.067    0.157        0.045 
  7263       G111.623+00.176    111.6230108      0.1763463    349.0488243     60.9395285    111.6195701      0.1810629   36.41   26.03         129   65.15    0.055        0.018    0.151        0.037    0.255        0.057    0.314        0.058 
  7264       G111.623+00.204    111.6230152      0.2043463    349.0281037     60.9656587    111.6166264      0.2042859   19.64   11.63          47    null    0.028        0.019    0.098        0.037    0.202        0.057    0.046        0.025 
  7265       G111.625+00.612    111.6250797      0.6123459    348.7261494     61.3467744    111.6294437      0.6097643   25.45   24.75         179   49.96    0.086        0.020    0.270        0.042    0.480        0.066    0.355        0.055 
  7266       G111.629+00.762    111.6291036      0.7623453    348.6196490     61.4879121    111.6258752      0.7717189   18.61    9.49         161    null    0.050        0.033    0.179        0.067    0.338        0.102    0.080        0.041 
  7267       G111.629+00.892    111.6291242      0.8923453    348.5197813     61.6088926    111.6347137      0.8920625   27.49   21.84         129   47.77    0.044        0.023    0.118        0.047    0.168        0.070    0.183        0.050 
  7268       G111.631+00.412    111.6310482      0.4123450    348.8885706     61.1625606    111.6347765      0.4139216   20.34   18.44          21   31.91    0.077        0.028    0.233        0.057    0.395        0.086    0.194        0.053 
  7269       G111.632+00.198    111.6330143      0.1983447    349.0517732     60.9636521    111.6364141      0.2092056   35.63   19.87          33   51.56    0.033        0.019    0.105        0.039    0.213        0.059    0.195        0.050 
  7270       G111.632+00.754    111.6331026      0.7543447    348.6335685     61.4819252    111.6350377      0.7561580   23.03   17.34          56   32.78    0.070        0.034    0.198        0.070    0.404        0.106    0.217        0.072 
  7271       G111.637+00.734    111.6370997      0.7343440    348.6566487     61.4647640    111.6375169      0.7321075   34.42   28.57          96   67.15    0.114        0.037    0.360        0.076    0.654        0.116    0.746        0.128 
  7272       G111.638+00.098    111.6389983      0.0983438    349.1370544     60.8724504    111.6368234      0.0946429   41.83   31.46         179   79.96    0.076        0.018    0.237        0.037    0.428        0.058    0.628        0.076 
  7273       G111.649+00.388    111.6490448      0.3883421    348.9413251     61.1466788    111.6495615      0.3911028   29.05   18.34          45   41.63    0.114        0.027    0.306        0.056    0.517        0.085    0.400        0.070 
  7274       G111.650+00.048    111.6509902      0.0483418    349.1967586     60.8300439    111.6508080      0.0497634   32.43   20.99         147   51.31    0.154        0.020    0.364        0.043    0.464        0.061    0.520        0.063 
  7275       G111.650+00.414    111.6510490      0.4143418    348.9257450     61.1716491    111.6512182      0.4164524   23.35   13.55          27    null    0.048        0.023    0.146        0.047    0.283        0.073    0.107        0.039 
  7276       G111.650+00.796    111.6511105      0.7963418    348.6365552     61.5275974    111.6480511      0.7980378   30.46   19.23         113   45.28    0.053        0.026    0.147        0.053    0.262        0.079    0.213        0.058 
  7277       G111.661+00.368    111.6610419      0.3683402    348.9794494     61.1323479    111.6627302      0.3718104   28.94   23.65         118   52.71    0.069        0.025    0.205        0.052    0.356        0.078    0.334        0.068 
  7278       G111.661+00.542    111.6610700      0.5423402    348.8489805     61.2946095    111.6581696      0.5400630   28.66   19.83          63   44.96    0.041        0.024    0.144        0.049    0.273        0.075    0.208        0.056 
  7279       G111.661+00.728    111.6611001      0.7283402    348.7080137     61.4679215    111.6648758      0.7234043   20.39   12.14         171    null    0.052        0.037    0.182        0.074    0.396        0.112    0.098        0.050 
  7280       G111.661+00.732    111.6611008      0.7323402    348.7049650     61.4716470    111.6605320      0.7341131   18.61    7.55          42    null    0.052        0.037    0.176        0.074    0.396        0.112    0.058        0.041 
  7281       G111.665+00.810    111.6651137      0.8103395    348.6531841     61.5457407    111.6601872      0.8105895   17.31    9.76          44    null    0.039        0.023    0.112        0.047    0.198        0.070    0.048        0.027 
  7282       G111.665+00.902    111.6651286      0.9023395    348.5825490     61.6313824    111.6723126      0.9027865   41.30   23.51          67   65.00    0.066        0.020    0.190        0.040    0.323        0.062    0.442        0.068 
  7283       G111.667+00.728    111.6671005      0.7283392    348.7197140     61.4701051    111.6757226      0.7338041   19.34   14.53          26   17.15    0.049        0.037    0.182        0.073    0.363        0.110    0.106        0.055 
  7284       G111.668+00.596    111.6690791      0.5963389    348.8237643     61.3478406    111.6706892      0.5977261   68.66   43.97          17  127.01    0.239        0.028    0.864        0.071    1.781        0.130    3.825        0.272 
  7285       G111.671+00.824    111.6711164      0.8243385    348.6541901     61.5609646    111.6717580      0.8219409   24.03   12.63           7    null    0.051        0.022    0.131        0.044    0.190        0.065    0.134        0.039 
  7286       G111.673+00.834    111.6731182      0.8343382    348.6504391     61.5710050    111.6719324      0.8389832   11.19    9.58         138    null    0.029        0.021    0.101        0.042    0.143        0.062    0.028        0.020 
  7287       G111.680+00.358    111.6810406      0.3583369    349.0255522     61.1302140    111.6822239      0.3579791   19.83    8.97         111    null    0.032        0.025    0.093        0.049    0.208        0.074    0.059        0.031 
  7288       G111.685+00.596    111.6850799      0.5963363    348.8548707     61.3536349    111.6935609      0.6034535   29.84   22.81         172   52.25    0.173        0.027    0.672        0.064    1.460        0.115    0.773        0.081 
  7289       G111.697+00.290    111.6970297      0.2903343    349.1069565     61.0724871    111.6933449      0.2884277   16.96    7.71         114    null    0.037        0.019    0.124        0.038    0.230        0.058    0.043        0.020 
  7290       G111.701+00.678    111.7010942      0.6783336    348.8239959     61.4358631    111.7025077      0.6770153   24.13   16.08          62   29.87    0.084        0.022    0.214        0.045    0.347        0.069    0.239        0.047 
  7291       G111.703+00.290    111.7030297      0.2903333    349.1185379     61.0746365    111.7072086      0.2930227   34.44   22.00          16   55.43    0.044        0.019    0.148        0.038    0.258        0.058    0.228        0.050 
  7292       G111.716+00.640    111.7170887      0.6403309    348.8839258     61.4062304    111.7151704      0.6412328   21.94   15.66         126   26.07    0.062        0.020    0.196        0.041    0.332        0.063    0.184        0.039 
  7293       G111.716+00.658    111.7170917      0.6583309    348.8703221     61.4230123    111.7188469      0.6591329   27.16   22.30         141   48.21    0.059        0.020    0.203        0.042    0.375        0.064    0.280        0.052 
  7294       G111.716+00.776    111.7171115      0.7763309    348.7807788     61.5329936    111.7169439      0.7587597   50.97   24.29         165   74.82    0.156        0.028    0.506        0.062    0.849        0.096    0.967        0.124 
  7295       G111.716+00.778    111.7171119      0.7783309    348.7792556     61.5348572    111.7152094      0.7876378   28.21   22.41          67   49.67    0.155        0.028    0.501        0.061    0.841        0.094    0.567        0.077 
  7296       G111.719+00.698    111.7190985      0.6983306    348.8439413     61.4610249    111.7184303      0.6899131   47.76   21.49         125   65.46    0.122        0.024    0.418        0.052    0.768        0.084    0.613        0.077 
  7297       G111.721+00.704    111.7210997      0.7043303    348.8432960     61.4673419    111.7255480      0.7085634   31.55   25.46          47   58.82    0.116        0.025    0.412        0.055    0.758        0.087    0.652        0.085 
  7298       G111.733+00.034    111.7329867      0.0343283    349.3642463     60.8461397    111.7303141      0.0335814   40.10   36.83          64   85.85    0.261        0.025    0.794        0.062    1.323        0.100    2.022        0.154 
  7299       G111.748+00.328    111.7490368      0.3283255    349.1792953     61.1265774    111.7513801      0.3308922   40.13   19.31          78   53.63    0.080        0.021    0.213        0.043    0.320        0.065    0.395        0.064 
  7300       G111.753+00.590    111.7530819      0.5903248    348.9917095     61.3725836    111.7455965      0.5914920   57.87   27.27         103   86.98    0.445        0.041    1.278        0.099    1.989        0.152    3.114        0.235 
  7301       G111.759+00.382    111.7590463      0.3823238    349.1586463     61.1805843    111.7645083      0.3821322   26.40   16.01          89   31.60    0.063        0.024    0.162        0.049    0.242        0.073    0.214        0.050 
  7302       G111.769+00.644    111.7690920      0.6443221    348.9822767     61.4287228    111.7681503      0.6399792   38.91   25.50          11   66.73    0.253        0.025    0.733        0.060    1.125        0.092    1.408        0.117 
  7303       G111.775+00.684    111.7750992      0.6843210    348.9638384     61.4681986    111.7728807      0.6811978   39.74   26.47         177   69.35    0.308        0.027    0.938        0.069    1.525        0.110    1.933        0.143 
  7304       G111.778+00.504    111.7790680      0.5043203    349.1066925     61.3016594    111.7859800      0.5073719   52.83   26.34          77   80.89    0.156        0.023    0.483        0.051    0.795        0.078    1.230        0.111 
  7305       G111.787+00.586    111.7870827      0.5863189    349.0609405     61.3810732    111.7872096      0.5838605   54.53   28.51         155   86.82    0.538        0.044    1.581        0.113    2.569        0.179    4.036        0.280 
  7306       G111.789+00.714    111.7891053      0.7143186    348.9685496     61.5012279    111.7895095      0.7148142   44.63   26.62          46   74.32    0.225        0.025    0.685        0.059    1.173        0.096    1.658        0.131 
  7307       G111.793+00.366    111.7930442      0.3663179    349.2363766     61.1777779    111.7953790      0.3745212   49.06   32.72          37   89.48    0.066        0.020    0.239        0.041    0.453        0.064    0.759        0.088 
  7308       G111.795+00.630    111.7950908      0.6303175    349.0435277     61.4250110    111.7944379      0.6295332   20.22   14.70         158   19.30    0.077        0.022    0.172        0.045    0.223        0.066    0.178        0.043 
  7309       G111.796+00.462    111.7970612      0.4623172    349.1729595     61.2688822    111.8032216      0.4705197   59.04   34.07          16  101.29    0.202        0.023    0.607        0.053    0.972        0.082    1.909        0.147 
  7310       G111.796+00.600    111.7970856      0.6003172    349.0699384     61.3977295    111.8016589      0.6078791   15.87   11.48           9    null    0.053        0.028    0.291        0.058    0.950        0.101    0.075        0.036 
  7311       G111.805+00.396    111.8050498      0.3963158    349.2374508     61.2100848    111.8040764      0.3993194   21.80   13.41          69    null    0.056        0.020    0.190        0.041    0.329        0.063    0.124        0.036 
  7312       G111.807+00.432    111.8070562      0.4323154    349.2146601     61.2444309    111.8081063      0.4271142   24.92   15.46          13   27.82    0.040        0.020    0.129        0.041    0.264        0.062    0.137        0.038 
  7313       G111.811+00.824    111.8111261      0.8243147    348.9283512     61.6117602    111.8098661      0.8222186   21.56   20.19          43   37.03    0.092        0.021    0.229        0.044    0.294        0.065    0.290        0.050 
  7314       G111.817+00.750    111.8171133      0.7503136    348.9961435     61.5448955    111.8207560      0.7520659   47.00   24.36          46   71.76    0.206        0.024    0.607        0.056    0.974        0.087    1.385        0.120 
  7315       G111.819+00.572    111.8190816      0.5723133    349.1337841     61.3794743    111.8311029      0.5692175   66.41   44.35          54  125.43    0.323        0.034    1.000        0.082    1.897        0.141    4.299        0.310 
  7316       G111.820+00.504    111.8210695      0.5043129    349.1883871     61.3166848    111.8252223      0.5078191   21.35   14.38         129   17.28    0.075        0.018    0.255        0.039    0.488        0.062    0.144        0.032 
  7317       G111.847+00.514    111.8470722      0.5143082    349.2315685     61.3353046    111.8428848      0.5169478   37.14   24.86         121   63.78    0.064        0.020    0.202        0.041    0.349        0.063    0.414        0.065 
  7318       G111.863+00.800    111.8631254      0.8003053    349.0485520     61.6080904    111.8605315      0.7984602   31.46   22.61           9   53.66    0.440        0.039    1.110        0.089    1.678        0.133    1.727        0.139 
  7319       G111.865+00.860    111.8651365      0.8603049    349.0070803     61.6647988    111.8701778      0.8791250   76.22   31.21          17  109.70    0.310        0.037    0.929        0.085    1.532        0.132    3.713        0.286 
  7320       G111.869+00.776    111.8691213      0.7763042    349.0784369     61.5878436    111.8662137      0.7694452   40.89   24.43          53   66.53    0.182        0.029    0.565        0.063    1.020        0.100    1.080        0.112 
  7321       G111.876+00.818    111.8771296      0.8183027    349.0624426     61.6299168    111.8800802      0.8210990   65.10   25.41         107   88.10    0.341        0.035    0.939        0.080    1.521        0.125    2.477        0.193 
  7322       G111.882+00.992    111.8831624      0.9923016    348.9421359     61.7944206    111.8821009      0.9934341   37.00   34.94         122   79.45    0.791        0.067    2.116        0.159    3.100        0.234    4.237        0.336 
  7323       G111.887+00.602    111.8870901      0.6023008    349.2441040     61.4317822    111.8863767      0.6027915   21.96   16.00          55   27.43    0.070        0.028    0.201        0.056    0.294        0.084    0.205        0.055 
  7324       G111.915+00.444    111.9150615      0.4442956    349.4158000     61.2940257    111.9136410      0.4444397   41.41   27.27          59   72.46    0.072        0.020    0.240        0.042    0.421        0.065    0.567        0.079 
  7325       G111.923+00.548    111.9230815      0.5482941    349.3545514     61.3941121    111.9235704      0.5465491   19.99   19.15          23   32.73    0.066        0.023    0.198        0.048    0.320        0.072    0.207        0.047 
  7326       G111.936+00.638    111.9370993      0.6382914    349.3150846     61.4832186    111.9366551      0.6422187   28.83   20.97           2   47.59    0.067        0.020    0.197        0.041    0.278        0.061    0.293        0.052 
  7327       G111.939+00.940    111.9391573      0.9402910    349.0921840     61.7660375    111.9402018      0.9376773   14.38    8.73          65    null    0.035        0.025    0.105        0.050    0.194        0.076    0.044        0.026 
  7328       G111.939+00.974    111.9391638      0.9742910    349.0663879     61.7977744    111.9350969      0.9750840   46.29   37.10         136   93.43    0.162        0.030    0.566        0.067    0.980        0.104    1.638        0.165 
  7329       G111.941+00.552    111.9410829      0.5522906    349.3867471     61.4042343    111.9414863      0.5537711   45.64   23.23         149   68.09    0.068        0.022    0.210        0.046    0.387        0.070    0.439        0.075 
  7330       G111.945+00.680    111.9451077      0.6802899    349.2994643     61.5253192    111.9445932      0.6778036   25.65   20.40          12   42.82    0.215        0.023    0.502        0.049    0.639        0.070    0.673        0.069 
  7331       G111.945+00.808    111.9451324      0.8082898    349.2036312     61.6449203    111.9434460      0.8095844   41.32   33.79          15   82.96    0.446        0.040    1.406        0.104    2.365        0.169    3.366        0.244 
  7332       G111.945+00.994    111.9451682      0.9942898    349.0630452     61.8185951    111.9538165      0.9950552   29.50   11.65         111    null    0.073        0.029    0.251        0.059    0.503        0.093    0.179        0.056 
  7333       G111.948+00.536    111.9490802      0.5362891    349.4142113     61.3921043    111.9473471      0.5298027   16.11   11.54         137    null    0.050        0.021    0.148        0.043    0.271        0.066    0.060        0.025 
  7334       G111.954+00.964    111.9551633      0.9642879    349.1055768     61.7941776    111.9635495      0.9633769   21.68   15.70         168   25.96    0.049        0.027    0.196        0.055    0.480        0.086    0.120        0.045 
  7335       G111.983+00.774    111.9831283      0.7742825    349.3038642     61.6266876    111.9847558      0.7757664   24.10   11.78         122    null    0.058        0.030    0.142        0.059    0.204        0.088    0.125        0.047 
  7336       G132.950+00.743    132.9505119      0.7430712     34.5448061     61.9158068    132.9476484      0.7406992   23.88   14.02          99    6.86    0.111        0.059    0.313        0.119    0.511        0.179    0.306        0.105 
  7337       G132.965+00.739    132.9645136      0.7390731     34.5700914     61.9074243    132.9610166      0.7413028   15.78    6.24         156    null    0.101        0.056    0.300        0.114    0.557        0.172    0.107        0.058 
  7338       G133.001+00.753    133.0005147      0.7530777     34.6520703     61.9087715    132.9915877      0.7488554   46.89   17.82          72   53.25    0.192        0.055    0.514        0.112    0.770        0.168    1.116        0.178 
  7339       G133.206+01.109    133.2065010      1.1090997     35.3205551     62.1751408    133.2050005      1.1072686   33.03   14.43          68   24.32    0.100        0.054    0.252        0.109    0.383        0.162    0.368        0.116 
  7340       G133.408+01.181    133.4085283      1.1811134     35.7799412     62.1734157    133.4028191      1.1811441   16.27    8.87         139    null    0.111        0.059    0.337        0.120    0.628        0.183    0.137        0.069 
  7341       G133.413+01.185    133.4125288      1.1851136     35.7909498     62.1757808    133.4174041      1.1871019   43.12   19.55         170   56.57    0.111        0.063    0.407        0.129    0.713        0.196    0.694        0.169 
  7342       G133.513+00.971    133.5125516      0.9711174     35.8325718     61.9403768    133.5101674      0.9736098   29.22   19.41          49   44.53    0.120        0.055    0.345        0.111    0.560        0.168    0.449        0.120 
  7343       G133.555+01.003    133.5545562      1.0031184     35.9399834     61.9557524    133.5491239      1.0015053   26.03   14.43          87   20.80    0.097        0.058    0.270        0.118    0.563        0.180    0.296        0.107 
  7344       G133.558+01.015    133.5585565      1.0151185     35.9568677     61.9656015    133.5423140      1.0199675   42.70   13.03         117    null    0.097        0.058    0.396        0.119    0.749        0.181    0.463        0.130 
  7345       G133.563+01.019    133.5625570      1.0191186     35.9678150     61.9679526    133.5674289      1.0215791   31.13   16.83          82   38.60    0.126        0.059    0.359        0.118    0.692        0.180    0.390        0.115 
  7346       G133.603+01.131    133.6025612      1.1311191     36.1313012     62.0588273    133.6013427      1.1318035   20.37   14.28         134   15.28    0.140        0.052    0.319        0.104    0.438        0.156    0.326        0.093 
  7347       G133.616+00.111    133.6165718      0.1111194     35.4162437     61.0971641    133.6203981      0.1103948   29.85   18.70          69   43.35    0.160        0.060    0.390        0.122    0.614        0.183    0.564        0.138 
  7348       G133.646+01.177    133.6465679      1.1771194     36.2538392     62.0863612    133.6404805      1.1725701   36.69   17.46          50   45.10    0.275        0.077    0.723        0.157    1.116        0.237    1.167        0.204 
  7349       G133.663+01.185    133.6625706      1.1851195     36.2918518     62.0881847    133.6667357      1.1800238   26.58   15.96         137   31.53    0.165        0.083    0.443        0.167    0.821        0.253    0.529        0.166 
  7350       G133.670+01.163    133.6705719      1.1631194     36.2911982     62.0647774    133.6714662      1.1626016   26.15   14.08          86   13.02    0.154        0.075    0.462        0.152    0.762        0.229    0.447        0.142 
  7351       G133.694+01.215    133.6945761      1.2151193     36.3785161     62.1048878    133.6926072      1.2131025   34.06   22.44           4   55.99    6.350        0.397   17.954        1.106   29.777        1.829   24.404        1.532 
  7352       G133.715+01.217    133.7145796      1.2171192     36.4199855     62.0996468    133.7174258      1.2179236   34.78   29.22          29   68.56    8.678        0.535   25.043        1.531   39.418        2.407   44.137        2.715 
  7353       G133.717+00.659    133.7165739      0.6591192     36.0067649     61.5768309    133.7206419      0.6578367   20.85   15.08         111   22.26    0.094        0.050    0.234        0.101    0.437        0.153    0.265        0.090 
  7354       G133.718+01.113    133.7185791      1.1131191     36.3491192     62.0010122    133.7116036      1.1120428   53.65   31.76          98   92.20    0.297        0.058    0.896        0.124    1.501        0.191    2.742        0.293 
  7355       G133.727+00.621    133.7265740      0.6211191     35.9985235     61.5377336    133.7212181      0.6231089   28.08   19.75         115   44.16    0.113        0.053    0.328        0.107    0.570        0.161    0.436        0.119 
  7356       G133.729+01.283    133.7285829      1.2831190     36.4982791     62.1563236    133.7250111      1.2955580   35.45   22.64          56   57.74    0.208        0.066    0.779        0.139    1.855        0.227    1.016        0.179 
  7357       G133.730+00.625    133.7305743      0.6251190     36.0093230     61.5400815    133.7377469      0.6254617   18.83    9.01         138    null    0.089        0.053    0.305        0.107    0.550        0.161    0.125        0.070 
  7358       G133.733+01.317    133.7325841      1.3171189     36.5322978     62.1866518    133.7272553      1.3142826   16.74   11.46          94    null    0.161        0.056    0.598        0.117    1.223        0.184    0.235        0.076 
  7359       G133.733+01.329    133.7325843      1.3291189     36.5414942     62.1978587    133.7375817      1.3271543   39.64   21.24         100   58.38    0.207        0.057    0.723        0.119    1.355        0.187    1.307        0.185 
  7360       G133.735+01.085    133.7345812      1.0851189     36.3598093     61.9691568    133.7361331      1.0820811   31.41   22.42         144   53.21    0.153        0.062    0.453        0.125    0.795        0.188    0.702        0.166 
  7361       G133.736+01.271    133.7365842      1.2711189     36.5051037     62.1422585    133.7348665      1.2698772   40.90   28.76          39   74.56    0.534        0.077    1.553        0.169    2.507        0.260    3.476        0.348 
  7362       G133.739+01.335    133.7385856      1.3351188     36.5581085     62.2013156    133.7404511      1.3471039   31.31   26.30         129   59.91    0.180        0.057    0.675        0.119    1.283        0.186    0.691        0.149 
  7363       G133.748+01.059    133.7485828      1.0591187     36.3680128     61.9398803    133.7488190      1.0571680   25.93   17.31         139   35.71    0.246        0.066    0.548        0.132    0.780        0.197    0.665        0.140 
  7364       G133.748+01.197    133.7485852      1.1971187     36.4726242     62.0688481    133.7481046      1.1959615   25.30   21.80          50   45.00    1.334        0.125    2.998        0.263    4.045        0.375    3.990        0.363 
  7365       G133.777+01.177    133.7765895      1.1771181     36.5132051     62.0401730    133.7745474      1.1759956   13.70   11.19          46    null    0.168        0.079    0.343        0.158    0.407        0.237    0.260        0.101 
  7366       G133.778+01.201    133.7785904      1.2011181     36.5354881     62.0618739    133.7769204      1.1998896   15.87    9.92          74    null    0.128        0.092    0.299        0.184    0.529        0.275    0.189        0.111 
  7367       G133.784+01.421    133.7845967      1.4211179     36.7165226     62.2650735    133.7841317      1.4241629   47.94   38.70          57   97.60    0.646        0.069    2.276        0.178    4.135        0.302    7.238        0.527 
  7368       G133.790+01.107    133.7905900      1.1071178     36.4878281     61.9697877    133.7899548      1.1073573   25.16   17.50          30   35.52    0.205        0.055    0.489        0.112    0.652        0.169    0.609        0.122 
  7369       G133.790+01.447    133.7905986      1.4471178     36.7486905     62.2871652    133.7798598      1.4539432   28.32   12.15          88    null    0.152        0.054    0.673        0.113    1.584        0.186    0.312        0.091 
  7370       G133.801+01.225    133.8005947      1.2251175     36.5976815     62.0764097    133.7997344      1.2301120   53.35   23.76           5   75.43    0.392        0.092    1.182        0.191    1.911        0.288    2.965        0.377 
  7371       G133.811+01.267    133.8105977      1.2671173     36.6498193     62.1120266    133.8121176      1.2697427   31.99   22.42          43   53.84    0.175        0.057    0.500        0.117    0.920        0.183    0.810        0.157 
  7372       G133.854+01.229    133.8546043      1.2291158     36.7083328     62.0607486    133.8533671      1.2290184   14.24   13.34         159    null    0.165        0.090    0.340        0.178    0.369        0.264    0.292        0.122 
  7373       G133.865+01.057    133.8645993      1.0571154     36.5967044     61.8966336    133.8606508      1.0518478   34.35   23.88          56   59.10    0.207        0.065    0.581        0.132    0.880        0.198    1.013        0.182 
  7374       G133.890+01.137    133.8906066      1.1371143     36.7093305     61.9619576    133.8969331      1.1477517   62.08   18.59          42   65.23    0.304        0.058    0.603        0.116    0.671        0.169    1.047        0.167 
  7375       G133.902+01.355    133.9026187      1.3551138     36.9013439     62.1608916    133.9008868      1.3520421   29.81   17.45         147   39.70    0.123        0.056    0.326        0.113    0.522        0.172    0.498        0.128 
  7376       G133.907+01.327    133.9066181      1.3271136     36.8875892     62.1333471    133.9067709      1.3269542   19.62   16.44         152   26.07    0.129        0.058    0.322        0.118    0.493        0.177    0.322        0.104 
  7377       G133.913+01.409    133.9126233      1.4091133     36.9633369     62.2075732    133.9109913      1.4082918   42.09   27.85          62   74.18    0.098        0.048    0.296        0.097    0.586        0.149    0.702        0.153 
  7378       G133.914+01.395    133.9146230      1.3951132     36.9564176     62.1938041    133.9241025      1.3923146   22.24   17.48          19   32.21    0.087        0.048    0.289        0.098    0.562        0.150    0.214        0.082 
  7379       G133.919+01.157    133.9186120      1.1571130     36.7802382     61.9705200    133.9201196      1.1557699   20.26   16.93          10   28.30    0.150        0.054    0.373        0.108    0.629        0.165    0.363        0.103 
  7380       G133.949+01.063    133.9486116      1.0631114     36.7676040     61.8720285    133.9500441      1.0651971   47.59   32.80         178   88.14    7.912        0.489   18.012        1.109   23.694        1.465   31.527        1.983 
  7381       G133.961+01.121    133.9606167      1.1211108     36.8358413     61.9217755    133.9569448      1.1346027   61.68   46.14          79  123.32    0.447        0.060    1.371        0.137    2.468        0.223    6.646        0.502 
  7382       G133.965+00.851    133.9646015      0.8511105     36.6378717     61.6684740    133.9612045      0.8437626   25.94   17.38           1   35.96    0.151        0.057    0.550        0.117    1.151        0.182    0.470        0.114 
  7383       G133.968+00.877    133.9686034      0.8771103     36.6654237     61.6913029    133.9687542      0.8664462   49.38   35.94         147   95.00    0.258        0.057    0.787        0.120    1.417        0.187    2.572        0.286 
  7384       G133.985+00.427    133.9845770      0.4271094     36.3601386     61.2652655    133.9904844      0.4269227   22.51    9.99          86    null    0.089        0.059    0.230        0.119    0.468        0.181    0.199        0.083 
  7385       G133.985+00.441    133.9845779      0.4411094     36.3704797     61.2783534    133.9836097      0.4418777   20.76    8.62          37    null    0.085        0.057    0.215        0.114    0.420        0.172    0.140        0.071 
  7386       G133.997+00.519    133.9965833      0.5191086     36.4516391     61.3469844    133.9968428      0.5209089   21.90   17.61         179   32.14    0.144        0.051    0.375        0.104    0.483        0.155    0.431        0.108 
  7387       G134.009+00.429    134.0085777      0.4291078     36.4082755     61.2586077    134.0024275      0.4357757   26.71   12.93          94    null    0.081        0.057    0.272        0.116    0.542        0.176    0.159        0.081 
  7388       G134.021+00.411    134.0205767      0.4111070     36.4182793     61.2375165    134.0177726      0.4026831   45.21   22.10         156   65.04    0.146        0.063    0.433        0.128    0.726        0.193    0.891        0.192 
  7389       G134.025+00.413    134.0245769      0.4131067     36.4275272     61.2379621    134.0275673      0.4198029   22.68   10.73         178    null    0.116        0.062    0.372        0.126    0.690        0.191    0.139        0.075 
  7390       G134.051+00.699    134.0505989      0.6991048     36.6917470     61.4957240    134.0504619      0.6981993   12.69   12.53          49    null    0.143        0.055    0.307        0.110    0.477        0.166    0.213        0.070 
  7391       G134.074+00.709    134.0746015      0.7091029     36.7462103     61.4964108    134.0707701      0.7104616   35.93   23.03          85   59.00    0.210        0.058    0.568        0.119    0.843        0.179    0.981        0.174 
  7392       G134.203+00.753    134.2026157      0.7530911     37.0295886     61.4910168    134.2054430      0.7578343   61.64   32.68          23  101.03    1.269        0.099    4.017        0.273    7.034        0.465   13.767        0.902 
  7393       G134.211+00.621    134.2106024      0.6210903     36.9447254     61.3651569    134.2090987      0.6191540   17.31   10.04          18    null    0.087        0.050    0.238        0.101    0.445        0.153    0.145        0.061 
  7394       G134.211+00.729    134.2106139      0.7290903     37.0268687     61.4657520    134.2213573      0.7066297   78.70   43.74         163  135.94    0.959        0.084    3.160        0.227    6.053        0.410   12.862        0.863 
  7395       G134.212+00.829    134.2126247      0.8290901     37.1073103     61.5581200    134.2214855      0.8353313   21.81   11.21          79    null    0.132        0.054    0.630        0.114    1.420        0.183    0.284        0.092 
  7396       G134.218+00.787    134.2186207      0.7870894     37.0868188     61.5168329    134.2218082      0.7951462   38.01   27.32          92   69.07    0.682        0.076    2.304        0.189    4.383        0.327    3.698        0.311 
  7397       G134.221+00.811    134.2206235      0.8110892     37.1091242     61.5384412    134.2162677      0.8179310   40.07   25.92         101   68.67    0.513        0.066    1.690        0.155    3.056        0.255    2.384        0.243 
  7398       G134.236+00.639    134.2366059      0.6390875     37.0089336     61.3724654    134.2387123      0.6402416   31.14   20.50          77   48.96    0.155        0.053    0.435        0.107    0.798        0.164    0.681        0.134 
  7399       G134.241+00.751    134.2406187      0.7510870     37.1021612     61.4752830    134.2392136      0.7510467   27.56   18.74          19   41.25    0.259        0.061    0.698        0.126    1.081        0.191    0.939        0.155 
  7400       G134.265+01.147    134.2646668      1.1470843     37.4561779     61.8346465    134.2637526      1.1466674   20.03   13.22          61    null    0.131        0.052    0.288        0.104    0.330        0.155    0.287        0.083 
  7401       G134.281+00.855    134.2806345      0.8550824     37.2601572     61.5573710    134.2762620      0.8546508   28.22   17.84          77   39.46    0.439        0.058    0.934        0.117    1.179        0.171    1.254        0.156 
  7402       G134.817+01.355    134.8168013      1.3549908     38.7049817     61.8176263    134.8170827      1.3589494   19.17   12.76         127    null    0.152        0.067    0.386        0.135    0.544        0.202    0.295        0.106 
  7403       G134.830+01.317    134.8307955      1.3169876     38.7010594     61.7771722    134.8302363      1.3235583   40.24   24.03         159   65.12    0.514        0.076    1.259        0.159    1.746        0.235    2.222        0.266 
  7404       G134.896+01.545    134.8968624      1.5449723     39.0187473     61.9613020    134.8970184      1.5440551   19.98   14.90          37   20.35    0.156        0.060    0.384        0.120    0.560        0.180    0.376        0.107 
  7405       G135.637+02.431    135.6365017      2.4312725     41.2423742     62.4689191    135.6362867      2.4311974   15.31    9.76          72    null    0.117        0.043    0.180        0.085    0.146        0.127    0.165        0.056 
  7406       G135.891-00.461    135.8923761     -0.4605654     39.2738459     59.7257677    135.8928027     -0.4601545   16.17   12.48          28    null    0.120        0.000    0.207        0.000    0.220        0.000    0.209        0.076 
  7407       G136.121+02.080    136.1209882      2.0795615     41.8583703     61.9439721    136.1217718      2.0776959   24.33   21.18          79   42.66    0.115        0.048    0.323        0.096    0.485        0.144    0.414        0.107 
  7408       G136.223+01.082    136.2235214      1.0816125     41.1604638     60.9977527    136.2232875      1.0851512   19.73   18.84         123   31.73    0.088        0.042    0.237        0.084    0.321        0.126    0.267        0.079 
  7409       G136.384+02.268    136.3850430      2.2676860     42.5382997     61.9980934    136.3853954      2.2638670   29.10   21.99          52   49.89    0.241        0.052    0.588        0.105    0.795        0.155    0.896        0.150 
  7410       G136.512+01.196    136.5115287      1.1957373     41.7978452     60.9782064    136.5116334      1.1927774   26.51   20.42         137   43.88    0.106        0.046    0.319        0.094    0.445        0.141    0.451        0.110 
  7411       G136.533+01.232    136.5335199      1.2317457     41.8707673     61.0012136    136.5378656      1.2311209   19.38   13.97          79    null    0.105        0.050    0.284        0.099    0.416        0.149    0.246        0.081 
  7412       G136.539+01.238    136.5395190      1.2377480     41.8872734     61.0040373    136.5413006      1.2438055   14.58    7.16         167    null    0.090        0.049    0.301        0.098    0.503        0.148    0.093        0.053 
  7413       G136.671+01.212    136.6715580      1.2117947     42.1091966     60.9234285    136.6710341      1.2100809   20.97   19.04          67   34.02    0.122        0.045    0.343        0.090    0.450        0.134    0.385        0.094 
  7414       G136.671+01.212    136.6715580      1.2117947     42.1091966     60.9234285    136.6710341      1.2100809   20.97   19.04          67   34.02    0.122        0.045    0.343        0.090    0.450        0.134    0.385        0.094 
  7415       G136.716+01.332    136.7155297      1.3318089     42.2985921     61.0122422    136.7179101      1.3320565   21.52   15.25          42   23.80    0.133        0.050    0.327        0.099    0.451        0.147    0.365        0.097 
  7416       G136.716+01.332    136.7155297      1.3318089     42.2985921     61.0122422    136.7179101      1.3320565   21.52   15.25          42   23.80    0.133        0.050    0.327        0.099    0.451        0.147    0.365        0.097 
  7417       G136.719+00.782    136.7197044      0.7818103     41.8172893     60.5149901    136.7195496      0.7803252   20.29   18.49         170   31.93    0.173        0.044    0.400        0.089    0.525        0.132    0.453        0.096 
  7418       G136.719+00.782    136.7197044      0.7818103     41.8172893     60.5149901    136.7195496      0.7803252   20.29   18.49         170   31.93    0.173        0.044    0.400        0.089    0.525        0.132    0.453        0.096 
  7419       G136.825+01.140    136.8256123      1.1398418     42.3292751     60.7914679    136.8246154      1.1450622   16.61   11.18          70    null    0.088        0.046    0.310        0.093    0.547        0.141    0.115        0.059 
  7420       G136.825+01.140    136.8256123      1.1398418     42.3292751     60.7914679    136.8246154      1.1450622   16.61   11.18          70    null    0.088        0.046    0.310        0.093    0.547        0.141    0.115        0.059 
  7421       G136.825+01.130    136.8256151      1.1298418     42.3203087     60.7824763    136.8249617      1.1290628   22.56   21.23         124   40.30    0.136        0.046    0.385        0.094    0.620        0.141    0.464        0.105 
  7422       G136.825+01.130    136.8256151      1.1298418     42.3203087     60.7824763    136.8249617      1.1290628   22.56   21.23         124   40.30    0.136        0.046    0.385        0.094    0.620        0.141    0.464        0.105 
  7423       G136.828+01.062    136.8276345      1.0618424     42.2631486     60.7204440    136.8249807      1.0653660   29.10   22.85         147   51.49    0.345        0.043    0.855        0.091    1.163        0.133    1.323        0.139 
  7424       G136.828+01.062    136.8276345      1.0618424     42.2631486     60.7204440    136.8249807      1.0653660   29.10   22.85         147   51.49    0.345        0.043    0.855        0.091    1.163        0.133    1.323        0.139 
  7425       G136.848+01.168    136.8476090      1.1678479     42.3949556     60.8069987    136.8492008      1.1669213   26.22   18.36         104   38.89    0.147        0.047    0.404        0.095    0.639        0.142    0.491        0.110 
  7426       G136.848+01.168    136.8476090      1.1678479     42.3949556     60.8069987    136.8492008      1.1669213   26.22   18.36         104   38.89    0.147        0.047    0.404        0.095    0.639        0.142    0.491        0.110 
  7427       G136.849+01.150    136.8496143      1.1498484     42.3824621     60.7899445    136.8508104      1.1463202   30.37   23.89          50   54.78    0.170        0.049    0.494        0.099    0.815        0.150    0.721        0.135 
  7428       G136.849+01.150    136.8496143      1.1498484     42.3824621     60.7899445    136.8508104      1.1463202   30.37   23.89          50   54.78    0.170        0.049    0.494        0.099    0.815        0.150    0.721        0.135 
  7429       G136.891+01.100    136.8916357      1.0998596     42.4148325     60.7265887    136.8865548      1.1026007   17.84   14.97         136   18.32    0.083        0.046    0.290        0.093    0.602        0.141    0.175        0.071 
  7430       G136.891+01.100    136.8916357      1.0998596     42.4148325     60.7265887    136.8865548      1.1026007   17.84   14.97         136   18.32    0.083        0.046    0.290        0.093    0.602        0.141    0.175        0.071 
  7431       G136.914+01.150    136.9136272      1.1498652     42.5002282     60.7618350    136.9069835      1.1486797   26.05   22.91         106   47.88    0.078        0.037    0.213        0.074    0.340        0.111    0.360        0.091 
  7432       G136.914+01.150    136.9136272      1.1498652     42.5002282     60.7618350    136.9069835      1.1486797   26.05   22.91         106   47.88    0.078        0.037    0.213        0.074    0.340        0.111    0.360        0.091 
  7433       G136.914+01.092    136.9136417      1.0918652     42.4480631     60.7097414    136.9108659      1.0881640   38.78   29.44          10   73.43    0.378        0.051    1.119        0.113    1.732        0.172    2.221        0.222 
  7434       G136.914+01.092    136.9136417      1.0918652     42.4480631     60.7097414    136.9108659      1.0881640   38.78   29.44          10   73.43    0.378        0.051    1.119        0.113    1.732        0.172    2.221        0.222 
  7435       G136.945+01.092    136.9456476      1.0918730     42.5067963     60.6956709    136.9542403      1.0940997   39.62   21.45          61   58.87    0.240        0.046    0.636        0.096    0.944        0.143    1.272        0.160 
  7436       G136.945+01.092    136.9456476      1.0918730     42.5067963     60.6956709    136.9542403      1.0940997   39.62   21.45          61   58.87    0.240        0.046    0.636        0.096    0.944        0.143    1.272        0.160 
  7437       G136.979+01.118    136.9796478      1.1178810     42.5925741     60.7040265    136.9828140      1.1206344   27.19   12.67         179    null    0.082        0.040    0.221        0.080    0.335        0.120    0.226        0.079 
  7438       G136.979+01.118    136.9796478      1.1178810     42.5925741     60.7040265    136.9828140      1.1206344   27.19   12.67         179    null    0.082        0.040    0.221        0.080    0.335        0.120    0.226        0.079 
  7439       G137.067+03.004    137.0672884      3.0038996     44.5556848     62.3439624    137.0674581      3.0037195   14.76   11.29          43    null    0.187        0.058    0.300        0.115    0.290        0.171    0.276        0.081 
  7440       G137.481+00.638    137.4817724      0.6379536     43.0706140     60.0509006    137.4843097      0.6342154   37.13   17.70         145   46.27    0.177        0.046    0.412        0.093    0.514        0.137    0.610        0.114 
  7441       G137.481+00.638    137.4817724      0.6379536     43.0706140     60.0509006    137.4843097      0.6342154   37.13   17.70         145   46.27    0.177        0.046    0.412        0.093    0.514        0.137    0.610        0.114 
  7442       G137.506+01.394    137.5057333      1.3939549     43.8065565     60.7141085    137.5061157      1.3963182   18.20   15.62         137   21.49    0.069        0.032    0.160        0.063    0.188        0.094    0.163        0.054 
  7443       G137.538+01.276    137.5377473      1.2759565     43.7544867     60.5945393    137.5389589      1.2778601   22.43   16.78          52   30.53    0.178        0.035    0.407        0.071    0.481        0.103    0.473        0.079 
  7444       G137.586+01.312    137.5857580      1.3119581     43.8749893     60.6045665    137.5848932      1.3156739   31.75   16.95          68   39.55    0.077        0.032    0.171        0.064    0.270        0.096    0.264        0.072 
  7445       G137.617+01.350    137.6177656      1.3499587     43.9684872     60.6236230    137.6189503      1.3471438   28.62   20.86           9   47.13    0.184        0.036    0.510        0.074    0.738        0.110    0.763        0.102 
  7446       G137.634+01.508    137.6337684      1.5079589     44.1463248     60.7564425    137.6276971      1.5044364   27.20   18.12          66   39.28    0.063        0.033    0.156        0.067    0.254        0.101    0.217        0.066 
  7447       G137.665+01.526    137.6657787      1.5259591     44.2214434     60.7575876    137.6628193      1.5241829   27.20   15.35          35   29.00    0.097        0.036    0.241        0.073    0.344        0.109    0.310        0.077 
  7448       G137.705+01.490    137.7057912      1.4899588     44.2597971     60.7071463    137.7064423      1.4898797   25.24   17.98         113   36.89    0.072        0.038    0.206        0.077    0.306        0.114    0.232        0.076 
  7449       G137.707+01.442    137.7077911      1.4419587     44.2179675     60.6636886    137.7070541      1.4465476   20.71   15.51          60   24.18    0.077        0.035    0.216        0.071    0.356        0.106    0.166        0.056 
  7450       G137.713+01.442    137.7137929      1.4419586     44.2288192     60.6609084    137.7172021      1.4395113   29.87   16.66          61   36.98    0.076        0.035    0.244        0.071    0.393        0.107    0.240        0.073 
  7451       G137.713+01.472    137.7137934      1.4719586     44.2572183     60.6874891    137.7127831      1.4730800   13.87   11.65         116    null    0.051        0.037    0.078        0.074    0.078        0.110    0.080        0.043 
  7452       G137.744+01.492    137.7438032      1.4919580     44.3304617     60.6912731    137.7494773      1.4920450   38.34   23.91         130   63.10    0.177        0.039    0.549        0.082    0.886        0.125    1.176        0.144 
  7453       G137.770+01.450    137.7698099      1.4499572     44.3375965     60.6420008    137.7631470      1.4413519   23.90   17.10          62   33.07    0.095        0.040    0.338        0.081    0.631        0.123    0.330        0.083 
  7454       G137.780+01.458    137.7798133      1.4579568     44.3632431     60.6444323    137.7815526      1.4599572   31.55   20.52          86   49.39    0.154        0.041    0.456        0.084    0.734        0.126    0.719        0.116 
  7455       G138.144+01.682    138.1439600      1.6819204     45.2337930     60.6705526    138.1465824      1.6904182   38.18   21.03          24   56.64    0.235        0.042    0.621        0.087    0.892        0.129    1.234        0.151 
  7456       G138.295+01.556    138.2959909      1.5558921     45.3830185     60.4872365    138.2988971      1.5579447   33.70   27.70          82   64.95    1.159        0.086    2.872        0.200    4.039        0.286    4.930        0.362 
  7457       G138.466+01.632    138.4660686      1.6318512     45.7596666     60.4720243    138.4634533      1.6321422   22.55   17.64         144   33.03    0.238        0.047    0.562        0.096    0.726        0.142    0.678        0.108 
  7458       G138.469+01.584    138.4700571      1.5838501     45.7196994     60.4280758    138.4692296      1.5836055   18.41   12.22          11    null    0.080        0.039    0.193        0.079    0.284        0.120    0.158        0.056 
  7459       G138.503+01.646    138.5040863      1.6458408     45.8408692     60.4658662    138.5035969      1.6469952   32.05   20.29          38   49.35    0.628        0.073    1.503        0.153    1.990        0.217    2.206        0.233 
  7460       G188.792+01.027    188.7923417      1.0269144     92.2748220     21.8442047    188.7913615      1.0305250   27.23   22.20         173   48.13    0.840        0.000    2.148        0.000    2.827        0.000    3.100        0.327 
  7461       G188.948+00.883    188.9482999      0.8828865     92.2204713     21.6380214    188.9475544      0.8855137   29.03   24.38         179   54.05    2.833        0.193    6.528        0.433    8.594        0.583    9.709        0.674 
  7462       G188.975+00.911    188.9763020      0.9108817     92.2614085     21.6270871    188.9715961      0.9174863   26.61   16.19         146   32.49    0.143        0.071    0.304        0.000    0.479        0.000    0.469        0.142 
  7463       G188.991+00.859    188.9922917      0.8588790     92.2208048     21.5879106    188.9888003      0.8614696   30.21   12.64         142    null    0.155        0.000    0.409        0.000    0.651        0.000    0.471        0.136 
  7464       G189.015+00.823    189.0162835      0.8228750     92.1994385     21.5494796    189.0073700      0.8360785   34.94   16.18         157   38.63    0.281        0.083    0.920        0.171    1.794        0.000    1.104        0.193 
  7465       G189.030+00.781    189.0302753      0.7808727     92.1672342     21.5168831    189.0305502      0.7809246   26.86   22.84         175   48.78    2.113        0.157    5.265        0.367    7.367        0.000    7.443        0.540 
  7466       G189.032+00.793    189.0322771      0.7928724     92.1795590     21.5209496    189.0283925      0.8066284   30.87   23.66         129   54.95    1.062        0.112    3.862        0.297    7.421        0.525    4.457        0.400 
  7467       G189.116+00.643    189.1162463      0.6428590     92.0823656     21.3747640    189.1172121      0.6429701   31.24   19.92          95   47.71    0.178        0.061    0.481        0.122    0.791        0.000    0.729        0.150 
  7468       G189.231+00.893    189.2322742      0.8928415     92.3775832     21.3943876    189.2306512      0.8927017   17.45   15.42          10   19.65    0.125        0.054    0.282        0.109    0.309        0.162    0.285        0.091 
  7469       G189.646+00.131    189.6461525      0.1307892     91.8787314     20.6628163    189.6421229      0.1318035   32.96   19.85         165   49.14    0.145        0.047    0.391        0.096    0.624        0.144    0.659        0.126 
  7470       G189.659+00.185    189.6601578      0.1847877     91.9364400     20.6768391    189.6563882      0.1854499   20.54   14.07          50   10.34    0.107        0.051    0.352        0.103    0.671        0.157    0.247        0.089 
  7471       G189.682+00.185    189.6821571      0.1847854     91.9478679     20.6576132    189.6780471      0.1843513   33.51   19.15          48   47.85    0.300        0.054    0.749        0.111    1.010        0.163    1.133        0.156 
  7472       G189.713+00.335    189.7141712      0.3347822     92.1046349     20.7024794    189.7157032      0.3351679   26.32   20.59          69   44.00    0.228        0.056    0.572        0.114    0.907        0.171    0.774        0.142 
  7473       G189.744+00.335    189.7441699      0.3347792     92.1201912     20.6762478    189.7371399      0.3394039   28.65   20.90         163   47.24    0.346        0.065    1.118        0.141    1.971        0.220    1.307        0.175 
  7474       G189.776+00.343    189.7761692      0.3427761     92.1442554     20.6521459    189.7731652      0.3433542   38.51   26.78          62   68.65    1.860        0.132    4.238        0.292    5.953        0.415    7.409        0.522 
  7475       G189.782+00.265    189.7821616      0.2647755     92.0744867     20.6090574    189.7798617      0.2636369   28.15   17.95          56   39.71    0.228        0.056    0.609        0.115    0.921        0.172    0.793        0.140 
  7476       G189.782+00.323    189.7821670      0.3227755     92.1286746     20.6371989    189.7794403      0.3173836   28.48   22.71         128   50.50    0.320        0.071    1.017        0.149    2.124        0.240    1.491        0.196 
  7477       G189.783+00.433    189.7841773      0.4327753     92.2325356     20.6887749    189.7844350      0.4311883   43.65   22.40         135   64.51    0.190        0.055    0.605        0.113    0.957        0.170    1.226        0.192 
  7478       G189.783+00.465    189.7841803      0.4647753     92.2624617     20.7042762    189.7874474      0.4690766   29.99   19.81          35   46.25    0.149        0.051    0.401        0.104    0.612        0.156    0.632        0.131 
  7479       G189.788+00.281    189.7881628      0.2807750     92.0925436     20.6115763    189.7901827      0.2823267   21.68   17.62         133   31.90    0.235        0.060    0.656        0.123    1.086        0.186    0.681        0.129 
  7480       G189.789+00.291    189.7901637      0.2907748     92.1029224     20.6146798    189.7892594      0.2960429   16.50    9.08         103    null    0.202        0.062    0.621        0.127    0.952        0.190    0.231        0.077 
  7481       G189.804+00.355    189.8041690      0.3547735     92.1699781     20.6334784    189.8017972      0.3513631   23.37   22.17         131   43.02    0.938        0.090    2.911        0.224    5.373        0.386    3.131        0.258 
  7482       G189.810+00.369    189.8101700      0.3687729     92.1861702     20.6350181    189.8069496      0.3700957   54.42   31.82         156   93.03    0.872        0.085    2.822        0.216    5.395        0.382    7.501        0.539 
  7483       G189.831+00.343    189.8321666      0.3427709     92.1732678     20.6031730    189.8332616      0.3409393   36.20   28.88         164   69.68    0.698        0.077    2.172        0.185    3.851        0.303    4.282        0.350 
  7484       G189.834+00.317    189.8341642      0.3167707     92.1500121     20.5888169    189.8345424      0.3121823   23.39   17.13         122   32.60    0.372        0.066    1.032        0.138    1.822        0.215    1.023        0.148 
  7485       G189.836+00.303    189.8361629      0.3027705     92.1379698     20.5802782    189.8350694      0.2918231   34.18   23.41          52   58.03    0.252        0.061    0.891        0.129    1.657        0.202    1.186        0.175 
  7486       G189.864+00.499    189.8641787      0.4987681     92.3356540     20.6507446    189.8575713      0.5029372   50.21   36.52         117   96.76    0.592        0.062    1.620        0.141    2.567        0.217    4.644        0.380 
  7487       G189.879+00.319    189.8801624      0.3187667     92.1757023     20.5495584    189.8697050      0.3293775   39.21   21.90         149   59.59    0.248        0.053    0.832        0.114    1.593        0.182    1.602        0.191 
  7488       G189.885+00.319    189.8861621      0.3187662     92.1788086     20.5443110    189.8957509      0.3203138   32.51   22.74          92   55.02    0.280        0.054    0.893        0.116    1.635        0.183    1.388        0.169 
  7489       G189.888+00.303    189.8881607      0.3027660     92.1649004     20.5348045    189.8865299      0.3005273   20.55   13.51          76    null    0.157        0.051    0.495        0.105    0.914        0.161    0.358        0.086 
  7490       G189.921+00.331    189.9221615      0.3307632     92.2086491     20.5186416    189.9109134      0.3332146   25.03   14.90         112   24.56    0.234        0.060    0.839        0.128    1.669        0.202    0.465        0.110 
  7491       G189.950+00.231    189.9501524      0.2307609     92.1297793     20.4456682    189.9484674      0.2308719   34.43   22.59         107   56.66    0.295        0.055    0.774        0.114    1.113        0.169    1.275        0.179 
  7492       G189.951+00.331    189.9521602      0.3307608     92.2241699     20.4924013    189.9506314      0.3306739   53.48   34.90          68   97.48    0.711        0.074    2.214        0.180    3.988        0.301    7.218        0.531 
  7493       G189.990+00.353    189.9901601      0.3527579     92.2643651     20.4698189    189.9890715      0.3546344   22.31   13.97          94    null    0.125        0.054    0.348        0.109    0.591        0.164    0.333        0.100 
  7494       G190.006+00.361    190.0061600      0.3607567     92.2801063     20.4596961    190.0087600      0.3647643   30.49   20.11          21   47.42    0.126        0.051    0.346        0.104    0.591        0.156    0.507        0.126 
  7495       G190.044+00.543    190.0441710      0.5427539     92.4697690     20.5144893    190.0466554      0.5495786   25.14   17.68         113   35.99    0.241        0.054    0.834        0.116    1.612        0.184    0.680        0.126 
  7496       G190.054+00.533    190.0541696      0.5327532     92.4655813     20.5009028    190.0502855      0.5321673   52.75   23.42         112   74.12    0.270        0.055    0.824        0.116    1.479        0.180    1.954        0.227 
  7497       G190.063+00.679    190.0641790      0.6787525     92.6072564     20.5626537    190.0658562      0.6834885   20.28   12.89          59    null    0.074        0.048    0.189        0.096    0.279        0.144    0.152        0.066 
  7498       G190.171+00.733    190.1721738      0.7327457     92.7133777     20.4941007    190.1678123      0.7357203   45.08   16.88         123   48.20    0.272        0.053    0.678        0.108    1.025        0.162    1.392        0.173 
  7499       G190.192+00.719    190.1921714      0.7187445     92.7105727     20.4698321    190.1964621      0.7151266   16.44   12.05         120    null    0.117        0.052    0.310        0.105    0.457        0.157    0.210        0.073 
  7500       G190.240+00.911    190.2401775      0.9107419     92.9148918     20.5202149    190.2383359      0.9154047   28.02   17.17         163   37.23    0.155        0.060    0.329        0.000    0.484        0.000    0.417        0.113 
  7501       G192.581-00.043    192.5821040     -0.0431261     93.2204087     18.0080683    192.5810041     -0.0430564   25.17   21.88          84   44.99    2.500        0.173    6.404        0.423    9.737        0.640    7.596        0.527 
  7502       G192.596-00.051    192.5961052     -0.0511238     93.2200925     17.9919467    192.6075578     -0.0515455   46.49   29.47         112   81.35    2.242        0.161    6.171        0.412   10.254        0.672   11.509        0.793 
  7503       G192.602-00.143    192.6021205     -0.1431228     93.1382771     17.9425181    192.6062097     -0.1433548   25.89   16.83         101   34.18    0.170        0.061    0.440        0.122    0.596        0.182    0.579        0.134 
  7504       G192.629-00.123    192.6301171     -0.1231181     93.1708481     17.9275608    192.6303625     -0.1286834   35.59   21.25         106   54.87    0.108        0.058    0.271        0.117    0.473        0.176    0.493        0.131 
  7505       G192.629-00.157    192.6301228     -0.1571181     93.1395037     17.9112350    192.6282670     -0.1557428   21.87   16.74         148   29.77    0.124        0.059    0.356        0.118    0.531        0.178    0.372        0.110 
  7506       G192.644+00.003    192.6440956      0.0028843     93.2941155     17.9757335    192.6407188      0.0011205   28.08   22.84         136   50.28    0.188        0.060    0.556        0.123    0.885        0.187    0.919        0.171 
  7507       G192.662-00.083    192.6621101     -0.0831126     93.2238717     17.9186869    192.6575912     -0.0834130   33.50   11.74         133    null    0.096        0.066    0.250        0.131    0.377        0.197    0.308        0.119 
  7508       G192.719+00.043    192.7200874      0.0428975     93.3693109     17.9282086    192.7137890      0.0432918   43.16   27.29          30   74.21    0.359        0.067    0.989        0.140    1.545        0.211    2.384        0.274 
  7509       G192.764+00.101    192.7640760      0.1009054     93.4449713     17.9173669    192.7643518      0.1001885   39.61   20.95          56   57.64    0.325        0.067    0.856        0.138    1.350        0.209    1.652        0.227 
  7510       G192.816+00.127    192.8160700      0.1269150     93.4951181     17.8841595    192.8188515      0.1252061   20.09   13.16         130    null    0.149        0.067    0.319        0.135    0.410        0.203    0.337        0.110 
  7511       G192.968+00.093    192.9680729      0.0929444     93.5401492     17.7344242    192.9653769      0.0883602   25.40   16.16          76   31.32    0.119        0.064    0.328        0.128    0.455        0.192    0.413        0.126 
  7512       G192.981+00.149    192.9820612      0.1489472     93.5988151     17.7489117    192.9881642      0.1440951   49.58   25.46         134   76.29    0.554        0.074    1.737        0.168    2.860        0.263    4.317        0.376 
  7513       G192.985+00.177    192.9860555      0.1769480     93.6266460     17.7587840    192.9850573      0.1765205   18.37   14.33         175   14.31    0.161        0.066    0.369        0.132    0.563        0.198    0.344        0.109 
  7514       G193.006+00.115    193.0060675      0.1149521     93.5795128     17.7115762    193.0067688      0.1134707   19.43   14.78          72   19.10    0.185        0.068    0.520        0.138    0.870        0.207    0.441        0.119 
